["balanced_5", 20.0, 19.0, 18.0, 17.0, 16.0, 15.0, 14.0, 13.0, 12.0, 11.0, 10.0, 9.0, 8.0, 7.0, 6.0, 5.0, 4.0, 3.0, 2.0, 1.0, 3.0, 3.0, 4.0, 6.0, 6.0, 7.0, 8.0, 10.0, 10.0, 11.0, 13.0, 13.0, 15.0, 15.0, 17.0, 17.0, 18.0, 20.0, 20.0, 21.0, 23.0, 23.0, 24.0, 25.0, 28.0, 32.0, 40.0, 40.0, 42.0, 60.0, 60.0, 107.0, 107.0, 107.0, 108.0]
["balanced_5_mat", 61.0, 61.0, 61.0, 61.0, 61.0, 61.0, 61.0, 61.0, 61.0, 61.0, 61.0, 61.0, 61.0, 61.0, 61.0, 61.0, 61.0, 61.0, 61.0, 61.0, 61.0, 61.0, 61.0, 61.0, 61.0, 61.0, 61.0, 61.0, 61.0, 61.0, 61.0, 61.0, 61.0, 61.0, 61.0, 61.0, 61.0, 61.0, 61.0, 61.0, 61.0, 61.0, 61.0, 61.0, 61.0, 61.0, 61.0, 61.0, 61.0, 61.0, 61.0, 61.0, 61.0, 61.0, 61.0]
["balanced_6", 20.0, 19.0, 18.0, 17.0, 16.0, 15.0, 14.0, 13.0, 12.0, 11.0, 10.0, 9.0, 8.0, 7.0, 6.0, 5.0, 4.0, 3.0, 2.0, 1.0, 3.0, 3.0, 4.0, 6.0, 6.0, 7.0, 8.0, 9.0, 10.0, 12.0, 12.0, 13.0, 15.0, 15.0, 17.0, 17.0, 19.0, 19.0, 20.0, 22.0, 22.0, 23.0, 25.0, 25.0, 26.0, 27.0, 28.0, 31.0, 35.0, 43.0, 43.0, 45.0, 45.0, 63.0, 63.0, 110.0, 110.0, 110.0, 110.0, 111.0]
["balanced_6_mat", 61.0, 61.0, 61.0, 61.0, 61.0, 61.0, 61.0, 61.0, 61.0, 61.0, 61.0, 61.0, 61.0, 61.0, 61.0, 61.0, 61.0, 61.0, 61.0, 61.0, 61.0, 61.0, 61.0, 61.0, 61.0, 61.0, 61.0, 61.0, 61.0, 61.0, 61.0, 61.0, 61.0, 61.0, 61.0, 61.0, 61.0, 61.0, 61.0, 61.0, 61.0, 61.0, 61.0, 61.0, 61.0, 61.0, 61.0, 61.0, 61.0, 61.0, 61.0, 61.0, 61.0, 61.0, 61.0, 61.0, 61.0, 61.0, 61.0, 61.0]
["balanced_7", 20.0, 19.0, 18.0, 17.0, 16.0, 15.0, 14.0, 13.0, 12.0, 11.0, 10.0, 9.0, 8.0, 7.0, 6.0, 5.0, 4.0, 3.0, 2.0, 1.0, 3.0, 3.0, 4.0, 6.0, 6.0, 7.0, 8.0, 9.0, 10.0, 12.0, 12.0, 13.0, 15.0, 15.0, 17.0, 17.0, 19.0, 19.0, 20.0, 22.0, 22.0, 23.0, 25.0, 25.0, 26.0, 27.0, 28.0, 31.0, 35.0, 42.0, 50.0, 50.0, 52.0, 52.0, 57.0, 69.0, 89.0, 89.0, 143.0, 143.0, 143.0, 143.0, 145.0, 155.0, 195.0, 195.0]
["balanced_7_mat", 61.0, 61.0, 61.0, 61.0, 61.0, 61.0, 61.0, 61.0, 61.0, 61.0, 61.0, 61.0, 61.0, 61.0, 61.0, 61.0, 61.0, 61.0, 61.0, 61.0, 61.0, 61.0, 61.0, 61.0, 61.0, 61.0, 61.0, 61.0, 61.0, 61.0, 61.0, 61.0, 61.0, 61.0, 61.0, 61.0, 61.0, 61.0, 61.0, 61.0, 61.0, 61.0, 61.0, 61.0, 61.0, 61.0, 61.0, 61.0, 61.0, 61.0, 61.0, 61.0, 61.0, 61.0, 61.0, 61.0, 61.0, 61.0, 61.0, 61.0, 61.0, 61.0, 61.0, 61.0, 61.0, 61.0]
["balanced_8", 20.0, 19.0, 18.0, 17.0, 16.0, 15.0, 14.0, 13.0, 12.0, 11.0, 10.0, 9.0, 8.0, 7.0, 6.0, 5.0, 4.0, 3.0, 2.0, 1.0, 3.0, 3.0, 4.0, 6.0, 6.0, 7.0, 7.0, 8.0, 9.0, 10.0, 12.0, 12.0, 13.0, 15.0, 15.0, 17.0, 17.0, 19.0, 19.0, 20.0, 22.0, 22.0, 23.0, 25.0, 25.0, 26.0, 27.0, 28.0, 31.0, 35.0, 40.0, 47.0, 47.0, 57.0, 57.0, 61.0, 61.0, 65.0, 77.0, 77.0, 89.0, 91.0, 115.0, 163.0, 223.0, 223.0, 342.0, 611.0, 611.0, 611.0, 611.0, 631.0, 659.0, 528.0, 552.0, 588.0, 648.0, 832.0, 832.0, 832.0, 2211.0]
["balanced_8_mat", 61.0, 61.0, 61.0, 61.0, 61.0, 61.0, 61.0, 61.0, 61.0, 61.0, 61.0, 61.0, 61.0, 61.0, 61.0, 61.0, 61.0, 61.0, 61.0, 61.0, 61.0, 61.0, 61.0, 61.0, 61.0, 61.0, 61.0, 61.0, 61.0, 61.0, 61.0, 61.0, 61.0, 61.0, 61.0, 61.0, 61.0, 61.0, 61.0, 61.0, 61.0, 61.0, 61.0, 61.0, 61.0, 61.0, 61.0, 61.0, 61.0, 61.0, 61.0, 61.0, 61.0, 61.0, 61.0, 61.0, 61.0, 61.0, 61.0, 61.0, 61.0, 61.0, 61.0, 61.0, 61.0, 61.0, 61.0, 61.0, 61.0, 61.0, 61.0, 61.0, 61.0, 61.0, 61.0, 61.0, 61.0, 61.0, 61.0, 61.0, 61.0]
["balanced_9", 20.0, 19.0, 18.0, 17.0, 16.0, 15.0, 14.0, 13.0, 12.0, 11.0, 10.0, 9.0, 8.0, 7.0, 6.0, 5.0, 4.0, 3.0, 2.0, 1.0, 3.0, 3.0, 4.0, 6.0, 6.0, 7.0, 7.0, 8.0, 9.0, 10.0, 12.0, 12.0, 13.0, 15.0, 15.0, 17.0, 17.0, 19.0, 19.0, 20.0, 22.0, 22.0, 23.0, 25.0, 25.0, 26.0, 27.0, 28.0, 31.0, 35.0, 40.0, 42.0, 49.0, 49.0, 61.0, 61.0, 61.0, 61.0, 65.0, 65.0, 77.0, 77.0, 89.0, 93.0, 97.0, 133.0, 133.0, 194.0, 341.0, 341.0, 341.0, 341.0, 349.0, 373.0, 373.0, 394.0, 418.0, 422.0, 496.0, 488.0, 534.0, 534.0, 630.0, 630.0, 630.0, 1014.0, 2565.0, 7371.0, 27520.0, 27520.0]
["balanced_9_mat", 61.0, 61.0, 61.0, 61.0, 61.0, 61.0, 61.0, 61.0, 61.0, 61.0, 61.0, 61.0, 61.0, 61.0, 61.0, 61.0, 61.0, 61.0, 61.0, 61.0, 61.0, 61.0, 61.0, 61.0, 61.0, 61.0, 61.0, 61.0, 61.0, 61.0, 61.0, 61.0, 61.0, 61.0, 61.0, 61.0, 61.0, 61.0, 61.0, 61.0, 61.0, 61.0, 61.0, 61.0, 61.0, 61.0, 61.0, 61.0, 61.0, 61.0, 61.0, 61.0, 61.0, 61.0, 61.0, 61.0, 61.0, 61.0, 61.0, 61.0, 61.0, 61.0, 61.0, 61.0, 61.0, 61.0, 61.0, 61.0, 61.0, 61.0, 61.0, 61.0, 61.0, 61.0, 61.0, 61.0, 61.0, 61.0, 61.0, 61.0, 61.0, 61.0, 61.0, 61.0, 61.0, 61.0, 61.0, 61.0, 61.0, 61.0]
["balanced_10", 20.0, 19.0, 18.0, 17.0, 16.0, 15.0, 14.0, 13.0, 12.0, 11.0, 10.0, 9.0, 8.0, 7.0, 6.0, 5.0, 4.0, 3.0, 2.0, 1.0, 3.0, 3.0, 4.0, 6.0, 6.0, 7.0, 7.0, 8.0, 9.0, 10.0, 12.0, 12.0, 13.0, 15.0, 15.0, 17.0, 17.0, 19.0, 19.0, 20.0, 22.0, 22.0, 23.0, 25.0, 25.0, 26.0, 27.0, 28.0, 31.0, 35.0, 40.0, 42.0, 49.0, 49.0, 49.0, 61.0, 61.0, 61.0, 61.0, 65.0, 65.0, 77.0, 77.0, 89.0, 93.0, 97.0, 93.0, 101.0, 109.0, 143.0, 186.0, 186.0, 258.0, 442.0, 442.0, 442.0, 442.0, 450.0, 482.0, 486.0, 547.0, 547.0, 540.0, 636.0, 636.0, 636.0, 756.0, 789.0, 835.0, 919.0, 983.0, 734.0, 725.0, 1873.0, 3924.0, 3533.0, 6980.0, 16479.0, 54508.0, 51500.0, 53630.0, 103359.0]
["balanced_10_mat", 61.0, 61.0, 61.0, 61.0, 61.0, 61.0, 61.0, 61.0, 61.0, 61.0, 61.0, 61.0, 61.0, 61.0, 61.0, 61.0, 61.0, 61.0, 61.0, 61.0, 61.0, 61.0, 61.0, 61.0, 61.0, 61.0, 61.0, 61.0, 61.0, 61.0, 61.0, 61.0, 61.0, 61.0, 61.0, 61.0, 61.0, 61.0, 61.0, 61.0, 61.0, 61.0, 61.0, 61.0, 61.0, 61.0, 61.0, 61.0, 61.0, 61.0, 61.0, 61.0, 61.0, 61.0, 61.0, 61.0, 61.0, 61.0, 61.0, 61.0, 61.0, 61.0, 61.0, 61.0, 61.0, 61.0, 61.0, 61.0, 61.0, 61.0, 61.0, 61.0, 61.0, 61.0, 61.0, 61.0, 61.0, 61.0, 61.0, 61.0, 61.0, 61.0, 61.0, 61.0, 61.0, 61.0, 61.0, 61.0, 61.0, 61.0, 61.0, 61.0, 61.0, 61.0, 61.0, 61.0, 61.0, 61.0, 61.0, 61.0, 61.0, 61.0]
["balanced_11", 20.0, 19.0, 18.0, 17.0, 16.0, 15.0, 14.0, 13.0, 12.0, 11.0, 10.0, 9.0, 8.0, 7.0, 6.0, 5.0, 4.0, 3.0, 2.0, 1.0, 3.0, 3.0, 4.0, 6.0, 6.0, 7.0, 7.0, 8.0, 9.0, 10.0, 12.0, 12.0, 13.0, 15.0, 15.0, 17.0, 17.0, 19.0, 19.0, 20.0, 22.0, 22.0, 23.0, 25.0, 25.0, 26.0, 27.0, 28.0, 31.0, 35.0, 40.0, 42.0, 49.0, 49.0, 49.0, 49.0, 61.0, 61.0, 61.0, 61.0, 65.0, 65.0, 77.0, 77.0, 89.0, 93.0, 97.0, 94.0, 110.0, 118.0, 157.0, 197.0, 240.0, 240.0, 348.0, 348.0, 348.0, 348.0, 360.0, 408.0, 408.0, 393.0, 387.0, 428.0, 429.0, 451.0, 435.0, 421.0, 493.0, 493.0, 493.0, 611.0, 607.0, 713.0, 917.0, 861.0, 945.0, 1588.0, 1386.0, 1530.0, 1562.0, 1321.0, 1828.0, 1855.0, 2015.0, 2664.0, 6238.0, 11939.0, 8969.0, 53989.0]
["balanced_11_mat", 61.0, 61.0, 61.0, 61.0, 61.0, 61.0, 61.0, 61.0, 61.0, 61.0, 61.0, 61.0, 61.0, 61.0, 61.0, 61.0, 61.0, 61.0, 61.0, 61.0, 61.0, 61.0, 61.0, 61.0, 61.0, 61.0, 61.0, 61.0, 61.0, 61.0, 61.0, 61.0, 61.0, 61.0, 61.0, 61.0, 61.0, 61.0, 61.0, 61.0, 61.0, 61.0, 61.0, 61.0, 61.0, 61.0, 61.0, 61.0, 61.0, 61.0, 61.0, 61.0, 61.0, 61.0, 61.0, 61.0, 61.0, 61.0, 61.0, 61.0, 61.0, 61.0, 61.0, 61.0, 61.0, 61.0, 61.0, 61.0, 61.0, 61.0, 61.0, 61.0, 61.0, 61.0, 61.0, 61.0, 61.0, 61.0, 61.0, 61.0, 61.0, 61.0, 61.0, 61.0, 61.0, 61.0, 61.0, 61.0, 61.0, 61.0, 61.0, 61.0, 61.0, 61.0, 61.0, 61.0, 61.0, 61.0, 61.0, 61.0, 61.0, 61.0, 61.0, 61.0, 61.0, 61.0, 61.0, 61.0, 61.0, 61.0]
["balanced_12", 20.0, 19.0, 18.0, 17.0, 16.0, 15.0, 14.0, 13.0, 12.0, 11.0, 10.0, 9.0, 8.0, 7.0, 6.0, 5.0, 4.0, 3.0, 2.0, 1.0, 3.0, 3.0, 4.0, 6.0, 6.0, 7.0, 7.0, 8.0, 9.0, 10.0, 12.0, 12.0, 13.0, 15.0, 15.0, 17.0, 17.0, 19.0, 19.0, 20.0, 22.0, 22.0, 23.0, 25.0, 25.0, 26.0, 27.0, 28.0, 31.0, 35.0, 40.0, 42.0, 49.0, 49.0, 49.0, 49.0, 61.0, 61.0, 61.0, 61.0, 65.0, 65.0, 77.0, 77.0, 89.0, 93.0, 97.0, 94.0, 110.0, 118.0, 157.0, 197.0, 240.0, 240.0, 348.0, 348.0, 348.0, 348.0, 360.0, 408.0, 408.0, 393.0, 387.0, 428.0, 429.0, 451.0, 435.0, 421.0, 493.0, 493.0, 493.0, 611.0, 607.0, 713.0, 917.0, 861.0, 945.0, 1588.0, 1386.0, 1530.0, 1562.0, 1321.0, 1473.0, 1739.0, 1863.0, 2573.0, 2519.0, 2727.0, 3223.0, 8781.0, 5219.0, 8937.0, 13191.0, 10167.0, 21200.0, 42228.0, 89607.0]
["balanced_12_mat", 61.0, 61.0, 61.0, 61.0, 61.0, 61.0, 61.0, 61.0, 61.0, 61.0, 61.0, 61.0, 61.0, 61.0, 61.0, 61.0, 61.0, 61.0, 61.0, 61.0, 61.0, 61.0, 61.0, 61.0, 61.0, 61.0, 61.0, 61.0, 61.0, 61.0, 61.0, 61.0, 61.0, 61.0, 61.0, 61.0, 61.0, 61.0, 61.0, 61.0, 61.0, 61.0, 61.0, 61.0, 61.0, 61.0, 61.0, 61.0, 61.0, 61.0, 61.0, 61.0, 61.0, 61.0, 61.0, 61.0, 61.0, 61.0, 61.0, 61.0, 61.0, 61.0, 61.0, 61.0, 61.0, 61.0, 61.0, 61.0, 61.0, 61.0, 61.0, 61.0, 61.0, 61.0, 61.0, 61.0, 61.0, 61.0, 61.0, 61.0, 61.0, 61.0, 61.0, 61.0, 61.0, 61.0, 61.0, 61.0, 61.0, 61.0, 61.0, 61.0, 61.0, 61.0, 61.0, 61.0, 61.0, 61.0, 61.0, 61.0, 61.0, 61.0, 61.0, 61.0, 61.0, 61.0, 61.0, 61.0, 61.0, 61.0, 61.0, 61.0, 61.0, 61.0, 61.0, 61.0, 61.0]
["balanced_13", 20.0, 19.0, 18.0, 17.0, 16.0, 15.0, 14.0, 13.0, 12.0, 11.0, 10.0, 9.0, 8.0, 7.0, 6.0, 5.0, 4.0, 3.0, 2.0, 1.0, 3.0, 3.0, 4.0, 6.0, 6.0, 7.0, 7.0, 8.0, 9.0, 10.0, 12.0, 12.0, 13.0, 15.0, 15.0, 17.0, 17.0, 19.0, 19.0, 20.0, 22.0, 22.0, 23.0, 25.0, 25.0, 26.0, 27.0, 28.0, 31.0, 35.0, 40.0, 42.0, 49.0, 49.0, 49.0, 49.0, 61.0, 61.0, 61.0, 61.0, 65.0, 65.0, 77.0, 77.0, 89.0, 93.0, 97.0, 94.0, 110.0, 118.0, 157.0, 197.0, 240.0, 240.0, 348.0, 348.0, 348.0, 348.0, 360.0, 408.0, 408.0, 393.0, 387.0, 428.0, 429.0, 451.0, 435.0, 421.0, 420.0, 493.0, 493.0, 493.0, 611.0, 607.0, 725.0, 923.0, 820.0, 891.0, 998.0, 1002.0, 1679.0, 1320.0, 1012.0, 1430.0, 1267.0, 1377.0, 1583.0, 1814.0, 5671.0, 12739.0, 11167.0, 18729.0, 18585.0, 18214.0, 18473.0, 12876.0, 15414.0, 15294.0, 16584.0, 33217.0, 55652.0, 52236.0, 54753.0, 49978.0, 48769.0]
["balanced_13_mat", 61.0, 61.0, 61.0, 61.0, 61.0, 61.0, 61.0, 61.0, 61.0, 61.0, 61.0, 61.0, 61.0, 61.0, 61.0, 61.0, 61.0, 61.0, 61.0, 61.0, 61.0, 61.0, 61.0, 61.0, 61.0, 61.0, 61.0, 61.0, 61.0, 61.0, 61.0, 61.0, 61.0, 61.0, 61.0, 61.0, 61.0, 61.0, 61.0, 61.0, 61.0, 61.0, 61.0, 61.0, 61.0, 61.0, 61.0, 61.0, 61.0, 61.0, 61.0, 61.0, 61.0, 61.0, 61.0, 61.0, 61.0, 61.0, 61.0, 61.0, 61.0, 61.0, 61.0, 61.0, 61.0, 61.0, 61.0, 61.0, 61.0, 61.0, 61.0, 61.0, 61.0, 61.0, 61.0, 61.0, 61.0, 61.0, 61.0, 61.0, 61.0, 61.0, 61.0, 61.0, 61.0, 61.0, 61.0, 61.0, 61.0, 61.0, 61.0, 61.0, 61.0, 61.0, 61.0, 61.0, 61.0, 61.0, 61.0, 61.0, 61.0, 61.0, 61.0, 61.0, 61.0, 61.0, 61.0, 61.0, 61.0, 61.0, 61.0, 61.0, 61.0, 61.0, 61.0, 61.0, 61.0, 61.0, 61.0, 61.0, 61.0, 61.0, 61.0, 61.0, 61.0]
["balanced_14", 20.0, 19.0, 18.0, 17.0, 16.0, 15.0, 14.0, 13.0, 12.0, 11.0, 10.0, 9.0, 8.0, 7.0, 6.0, 5.0, 4.0, 3.0, 2.0, 1.0, 3.0, 3.0, 4.0, 6.0, 6.0, 7.0, 7.0, 8.0, 9.0, 10.0, 12.0, 12.0, 13.0, 15.0, 15.0, 17.0, 17.0, 19.0, 19.0, 20.0, 22.0, 22.0, 23.0, 25.0, 25.0, 26.0, 27.0, 28.0, 31.0, 35.0, 40.0, 42.0, 49.0, 49.0, 49.0, 49.0, 61.0, 61.0, 61.0, 61.0, 65.0, 65.0, 77.0, 77.0, 89.0, 93.0, 97.0, 94.0, 110.0, 118.0, 157.0, 197.0, 240.0, 240.0, 348.0, 348.0, 348.0, 348.0, 360.0, 408.0, 408.0, 393.0, 387.0, 380.0, 428.0, 429.0, 451.0, 435.0, 421.0, 420.0, 439.0, 508.0, 508.0, 508.0, 629.0, 621.0, 627.0, 707.0, 1080.0, 790.0, 1294.0, 1104.0, 1207.0, 1386.0, 1586.0, 1566.0, 1598.0, 1822.0, 2014.0, 4442.0, 3968.0, 2180.0, 5135.0, 5013.0, 4915.0, 5481.0, 4012.0, 4894.0, 4795.0, 4810.0, 4808.0, 5062.0, 5316.0, 6487.0, 12786.0, 12748.0, 7072.0, 16078.0, 15605.0, 16193.0, 15690.0, 16403.0, 25356.0, 29305.0, 30098.0, 57975.0, 110907.0]
["balanced_14_mat", 61.0, 61.0, 61.0, 61.0, 61.0, 61.0, 61.0, 61.0, 61.0, 61.0, 61.0, 61.0, 61.0, 61.0, 61.0, 61.0, 61.0, 61.0, 61.0, 61.0, 61.0, 61.0, 61.0, 61.0, 61.0, 61.0, 61.0, 61.0, 61.0, 61.0, 61.0, 61.0, 61.0, 61.0, 61.0, 61.0, 61.0, 61.0, 61.0, 61.0, 61.0, 61.0, 61.0, 61.0, 61.0, 61.0, 61.0, 61.0, 61.0, 61.0, 61.0, 61.0, 61.0, 61.0, 61.0, 61.0, 61.0, 61.0, 61.0, 61.0, 61.0, 61.0, 61.0, 61.0, 61.0, 61.0, 61.0, 61.0, 61.0, 61.0, 61.0, 61.0, 61.0, 61.0, 61.0, 61.0, 61.0, 61.0, 61.0, 61.0, 61.0, 61.0, 61.0, 61.0, 61.0, 61.0, 61.0, 61.0, 61.0, 61.0, 61.0, 61.0, 61.0, 61.0, 61.0, 61.0, 61.0, 61.0, 61.0, 61.0, 61.0, 61.0, 61.0, 61.0, 61.0, 61.0, 61.0, 61.0, 61.0, 61.0, 61.0, 61.0, 61.0, 61.0, 61.0, 61.0, 61.0, 61.0, 61.0, 61.0, 61.0, 61.0, 61.0, 61.0, 61.0, 61.0, 61.0, 61.0, 61.0, 61.0, 61.0, 61.0, 61.0, 61.0, 61.0, 61.0, 61.0]
["balanced_15", 20.0, 19.0, 18.0, 17.0, 16.0, 15.0, 14.0, 13.0, 12.0, 11.0, 10.0, 9.0, 8.0, 7.0, 6.0, 5.0, 4.0, 3.0, 2.0, 1.0, 3.0, 3.0, 4.0, 6.0, 6.0, 7.0, 7.0, 8.0, 9.0, 10.0, 12.0, 12.0, 13.0, 15.0, 15.0, 17.0, 17.0, 19.0, 19.0, 20.0, 22.0, 22.0, 23.0, 25.0, 25.0, 26.0, 27.0, 28.0, 31.0, 35.0, 40.0, 42.0, 49.0, 49.0, 49.0, 49.0, 61.0, 61.0, 61.0, 61.0, 65.0, 65.0, 77.0, 77.0, 89.0, 93.0, 97.0, 94.0, 110.0, 118.0, 157.0, 197.0, 240.0, 240.0, 348.0, 348.0, 348.0, 348.0, 360.0, 408.0, 408.0, 393.0, 387.0, 380.0, 369.0, 413.0, 414.0, 436.0, 420.0, 413.0, 413.0, 423.0, 484.0, 484.0, 484.0, 605.0, 597.0, 603.0, 597.0, 821.0, 1176.0, 1644.0, 1609.0, 1655.0, 2744.0, 2634.0, 2152.0, 2814.0, 4303.0, 4774.0, 3811.0, 4190.0, 4476.0, 4358.0, 4359.0, 4335.0, 4529.0, 4663.0, 4982.0, 4982.0, 5891.0, 6458.0, 6087.0, 4783.0, 7323.0, 8967.0, 13701.0, 13528.0, 15430.0, 21077.0, 17861.0, 24860.0, 15828.0, 15656.0, 27884.0, 73055.0, 54446.0, 65486.0, 55126.0, 65354.0, 85077.0, 64807.0, 86944.0, 105817.0, 111468.0, 93698.0]
["balanced_15_mat", 61.0, 61.0, 61.0, 61.0, 61.0, 61.0, 61.0, 61.0, 61.0, 61.0, 61.0, 61.0, 61.0, 61.0, 61.0, 61.0, 61.0, 61.0, 61.0, 61.0, 61.0, 61.0, 61.0, 61.0, 61.0, 61.0, 61.0, 61.0, 61.0, 61.0, 61.0, 61.0, 61.0, 61.0, 61.0, 61.0, 61.0, 61.0, 61.0, 61.0, 61.0, 61.0, 61.0, 61.0, 61.0, 61.0, 61.0, 61.0, 61.0, 61.0, 61.0, 61.0, 61.0, 61.0, 61.0, 61.0, 61.0, 61.0, 61.0, 61.0, 61.0, 61.0, 61.0, 61.0, 61.0, 61.0, 61.0, 61.0, 61.0, 61.0, 61.0, 61.0, 61.0, 61.0, 61.0, 61.0, 61.0, 61.0, 61.0, 61.0, 61.0, 61.0, 61.0, 61.0, 61.0, 61.0, 61.0, 61.0, 61.0, 61.0, 61.0, 61.0, 61.0, 61.0, 61.0, 61.0, 61.0, 61.0, 61.0, 61.0, 61.0, 61.0, 61.0, 61.0, 61.0, 61.0, 61.0, 61.0, 61.0, 61.0, 61.0, 61.0, 61.0, 61.0, 61.0, 61.0, 61.0, 61.0, 61.0, 61.0, 61.0, 61.0, 61.0, 61.0, 61.0, 61.0, 61.0, 61.0, 61.0, 61.0, 61.0, 61.0, 61.0, 61.0, 61.0, 61.0, 61.0, 61.0, 61.0, 61.0, 61.0, 61.0, 61.0, 61.0, 61.0, 61.0]
