["relationBased_5", 21.0, 21.0, 21.0, 21.0, 21.0, 21.0, 21.0, 21.0, 21.0, 21.0, 21.0, 21.0, 21.0, 21.0, 21.0, 21.0, 21.0, 21.0, 21.0, 21.0, 21.0, 21.0, 21.0, 21.0, 21.0, 21.0, 21.0, 21.0, 21.0, 21.0, 21.0, 21.0, 21.0, 21.0, 21.0, 21.0, 21.0, 21.0, 21.0, 21.0, 21.0, 21.0, 21.0, 34.0, 34.0, 34.0, 34.0, 34.0, 34.0, 60.0, 60.0, 60.0, 60.0, 60.0, 60.0]
["relationBased_5_mat", 41.0, 41.0, 41.0, 41.0, 41.0, 41.0, 41.0, 41.0, 41.0, 41.0, 41.0, 41.0, 41.0, 41.0, 41.0, 41.0, 41.0, 41.0, 41.0, 41.0, 57.0, 57.0, 57.0, 57.0, 57.0, 57.0, 57.0, 57.0, 63.0, 63.0, 63.0, 63.0, 63.0, 63.0, 63.0, 63.0, 63.0, 63.0, 63.0, 63.0, 76.0, 76.0, 76.0, 61.0, 61.0, 61.0, 61.0, 61.0, 74.0, 61.0, 75.0, 75.0, 75.0, 75.0, 75.0]
["relationBased_6", 21.0, 21.0, 21.0, 21.0, 21.0, 21.0, 21.0, 21.0, 21.0, 21.0, 21.0, 21.0, 21.0, 21.0, 21.0, 21.0, 21.0, 21.0, 21.0, 21.0, 21.0, 21.0, 21.0, 21.0, 21.0, 21.0, 21.0, 21.0, 21.0, 21.0, 21.0, 21.0, 21.0, 21.0, 21.0, 21.0, 21.0, 21.0, 21.0, 21.0, 21.0, 21.0, 21.0, 21.0, 21.0, 37.0, 37.0, 37.0, 37.0, 37.0, 37.0, 37.0, 63.0, 63.0, 63.0, 63.0, 63.0, 63.0, 63.0, 63.0]
["relationBased_6_mat", 41.0, 41.0, 41.0, 41.0, 41.0, 41.0, 41.0, 41.0, 41.0, 41.0, 41.0, 41.0, 41.0, 41.0, 41.0, 41.0, 41.0, 41.0, 41.0, 41.0, 57.0, 57.0, 57.0, 57.0, 57.0, 57.0, 57.0, 57.0, 63.0, 63.0, 63.0, 63.0, 63.0, 63.0, 63.0, 63.0, 63.0, 63.0, 63.0, 63.0, 78.0, 78.0, 78.0, 78.0, 78.0, 61.0, 61.0, 61.0, 61.0, 61.0, 61.0, 74.0, 61.0, 75.0, 75.0, 77.0, 77.0, 77.0, 78.0, 78.0]
["relationBased_7", 21.0, 21.0, 21.0, 21.0, 21.0, 21.0, 21.0, 21.0, 21.0, 21.0, 21.0, 21.0, 21.0, 21.0, 21.0, 21.0, 21.0, 21.0, 21.0, 21.0, 21.0, 21.0, 21.0, 21.0, 21.0, 21.0, 21.0, 21.0, 21.0, 21.0, 21.0, 21.0, 21.0, 21.0, 21.0, 21.0, 21.0, 21.0, 21.0, 21.0, 21.0, 21.0, 21.0, 21.0, 21.0, 37.0, 37.0, 37.0, 37.0, 37.0, 37.0, 37.0, 70.0, 70.0, 70.0, 70.0, 129.0, 129.0, 129.0, 129.0, 129.0, 129.0, 185.0, 185.0, 185.0, 185.0]
["relationBased_7_mat", 41.0, 41.0, 41.0, 41.0, 41.0, 41.0, 41.0, 41.0, 41.0, 41.0, 41.0, 41.0, 41.0, 41.0, 41.0, 41.0, 41.0, 41.0, 41.0, 41.0, 57.0, 57.0, 57.0, 57.0, 57.0, 57.0, 57.0, 57.0, 63.0, 63.0, 63.0, 63.0, 63.0, 63.0, 63.0, 63.0, 63.0, 63.0, 63.0, 63.0, 78.0, 78.0, 78.0, 78.0, 78.0, 61.0, 61.0, 61.0, 61.0, 61.0, 61.0, 74.0, 61.0, 61.0, 75.0, 75.0, 61.0, 61.0, 61.0, 61.0, 62.0, 62.0, 61.0, 61.0, 74.0, 74.0]
["relationBased_8", 21.0, 21.0, 21.0, 21.0, 21.0, 21.0, 21.0, 21.0, 21.0, 21.0, 21.0, 21.0, 21.0, 21.0, 21.0, 21.0, 21.0, 21.0, 21.0, 21.0, 21.0, 21.0, 21.0, 21.0, 21.0, 21.0, 21.0, 21.0, 21.0, 21.0, 21.0, 21.0, 21.0, 21.0, 21.0, 21.0, 21.0, 21.0, 21.0, 21.0, 21.0, 21.0, 21.0, 21.0, 21.0, 37.0, 37.0, 37.0, 37.0, 37.0, 37.0, 37.0, 70.0, 70.0, 70.0, 70.0, 70.0, 70.0, 129.0, 129.0, 129.0, 129.0, 129.0, 129.0, 129.0, 185.0, 185.0, 243.0, 243.0, 243.0, 243.0, 243.0, 243.0, 243.0, 243.0, 2988.0, 2988.0, 2988.0, 2988.0, 2988.0, 2988.0]
["relationBased_8_mat", 41.0, 41.0, 41.0, 41.0, 41.0, 41.0, 41.0, 41.0, 41.0, 41.0, 41.0, 41.0, 41.0, 41.0, 41.0, 41.0, 41.0, 41.0, 41.0, 41.0, 57.0, 57.0, 57.0, 57.0, 57.0, 57.0, 57.0, 57.0, 63.0, 63.0, 63.0, 63.0, 63.0, 63.0, 63.0, 63.0, 63.0, 63.0, 63.0, 63.0, 78.0, 78.0, 78.0, 78.0, 78.0, 61.0, 61.0, 61.0, 61.0, 61.0, 61.0, 74.0, 61.0, 61.0, 75.0, 75.0, 75.0, 75.0, 61.0, 61.0, 61.0, 61.0, 61.0, 61.0, 61.0, 61.0, 61.0, 61.0, 61.0, 61.0, 72.0, 72.0, 72.0, 72.0, 72.0, 61.0, 61.0, 73.0, 73.0, 69.0, 69.0]
["relationBased_9", 21.0, 21.0, 21.0, 21.0, 21.0, 21.0, 21.0, 21.0, 21.0, 21.0, 21.0, 21.0, 21.0, 21.0, 21.0, 21.0, 21.0, 21.0, 21.0, 21.0, 21.0, 21.0, 21.0, 21.0, 21.0, 21.0, 21.0, 21.0, 21.0, 21.0, 21.0, 21.0, 21.0, 21.0, 21.0, 21.0, 21.0, 21.0, 21.0, 21.0, 21.0, 21.0, 21.0, 21.0, 21.0, 37.0, 37.0, 37.0, 37.0, 37.0, 37.0, 37.0, 70.0, 70.0, 70.0, 70.0, 70.0, 70.0, 145.0, 145.0, 145.0, 145.0, 145.0, 145.0, 145.0, 145.0, 315.0, 315.0, 415.0, 415.0, 415.0, 415.0, 415.0, 415.0, 415.0, 415.0, 415.0, 415.0, 16338.0, 16338.0, 16338.0, 16338.0, 16338.0, 16338.0, 16338.0, 16338.0, 16338.0, 16338.0, 16338.0, 16338.0, 16338.0]
["relationBased_9_mat", 41.0, 41.0, 41.0, 41.0, 41.0, 41.0, 41.0, 41.0, 41.0, 41.0, 41.0, 41.0, 41.0, 41.0, 41.0, 41.0, 41.0, 41.0, 41.0, 41.0, 57.0, 57.0, 57.0, 57.0, 57.0, 57.0, 57.0, 57.0, 63.0, 63.0, 63.0, 63.0, 63.0, 63.0, 63.0, 63.0, 63.0, 63.0, 63.0, 63.0, 78.0, 78.0, 78.0, 78.0, 78.0, 61.0, 61.0, 61.0, 61.0, 61.0, 61.0, 74.0, 61.0, 61.0, 75.0, 75.0, 75.0, 75.0, 61.0, 61.0, 61.0, 61.0, 61.0, 61.0, 61.0, 61.0, 61.0, 61.0, 61.0, 61.0, 61.0, 73.0, 73.0, 73.0, 73.0, 73.0, 73.0, 73.0, 61.0, 61.0, 61.0, 61.0, 73.0, 73.0, 69.0, 69.0, 69.0, 69.0, 69.0, 69.0, 71.0]
["relationBased_10", 21.0, 21.0, 21.0, 21.0, 21.0, 21.0, 21.0, 21.0, 21.0, 21.0, 21.0, 21.0, 21.0, 21.0, 21.0, 21.0, 21.0, 21.0, 21.0, 21.0, 21.0, 21.0, 21.0, 21.0, 21.0, 21.0, 21.0, 21.0, 21.0, 21.0, 21.0, 21.0, 21.0, 21.0, 21.0, 21.0, 21.0, 21.0, 21.0, 21.0, 21.0, 21.0, 21.0, 21.0, 21.0, 37.0, 37.0, 37.0, 37.0, 37.0, 37.0, 37.0, 70.0, 70.0, 70.0, 70.0, 70.0, 70.0, 145.0, 145.0, 145.0, 145.0, 145.0, 145.0, 145.0, 145.0, 145.0, 317.0, 317.0, 415.0, 415.0, 415.0, 415.0, 415.0, 415.0, 415.0, 415.0, 415.0, 415.0, 15864.0, 15864.0, 15864.0, 15864.0, 15864.0, 15864.0, 15864.0, 15864.0, 15864.0, 15864.0, 15864.0, 15864.0, 15864.0, 15864.0, 15864.0, 15864.0, 15864.0, 15864.0, 15864.0, 15864.0, 15864.0, 15864.0, 15864.0, 15864.0]
["relationBased_10_mat", 41.0, 41.0, 41.0, 41.0, 41.0, 41.0, 41.0, 41.0, 41.0, 41.0, 41.0, 41.0, 41.0, 41.0, 41.0, 41.0, 41.0, 41.0, 41.0, 41.0, 57.0, 57.0, 57.0, 57.0, 57.0, 57.0, 57.0, 57.0, 63.0, 63.0, 63.0, 63.0, 63.0, 63.0, 63.0, 63.0, 63.0, 63.0, 63.0, 63.0, 78.0, 78.0, 78.0, 78.0, 78.0, 61.0, 61.0, 61.0, 61.0, 61.0, 61.0, 74.0, 61.0, 61.0, 75.0, 75.0, 75.0, 75.0, 61.0, 61.0, 61.0, 61.0, 61.0, 62.0, 62.0, 62.0, 62.0, 61.0, 61.0, 61.0, 61.0, 61.0, 73.0, 73.0, 73.0, 73.0, 73.0, 73.0, 73.0, 61.0, 61.0, 61.0, 61.0, 61.0, 61.0, 61.0, 73.0, 73.0, 73.0, 73.0, 73.0, 69.0, 69.0, 69.0, 69.0, 69.0, 69.0, 73.0, 73.0, 73.0, 73.0, 73.0, 73.0]
["relationBased_11", 21.0, 21.0, 21.0, 21.0, 21.0, 21.0, 21.0, 21.0, 21.0, 21.0, 21.0, 21.0, 21.0, 21.0, 21.0, 21.0, 21.0, 21.0, 21.0, 21.0, 21.0, 21.0, 21.0, 21.0, 21.0, 21.0, 21.0, 21.0, 21.0, 21.0, 21.0, 21.0, 21.0, 21.0, 21.0, 21.0, 21.0, 21.0, 21.0, 21.0, 21.0, 21.0, 21.0, 21.0, 21.0, 37.0, 37.0, 37.0, 37.0, 37.0, 37.0, 37.0, 70.0, 70.0, 70.0, 70.0, 70.0, 70.0, 145.0, 145.0, 145.0, 145.0, 145.0, 145.0, 145.0, 145.0, 145.0, 256.0, 256.0, 256.0, 256.0, 331.0, 331.0, 331.0, 331.0, 331.0, 331.0, 331.0, 331.0, 331.0, 331.0, 12834.0, 12834.0, 12834.0, 12834.0, 12834.0, 12834.0, 12834.0, 12834.0, 12834.0, 12834.0, 12834.0, 12834.0, 102147.0, 102147.0, 102147.0, 102147.0, 102147.0, 102147.0, 102147.0, 102147.0, 102147.0, 102147.0, 102147.0, 102147.0, 102147.0, 102147.0, 102147.0, 102147.0, 102147.0, 102147.0]
["relationBased_11_mat", 41.0, 41.0, 41.0, 41.0, 41.0, 41.0, 41.0, 41.0, 41.0, 41.0, 41.0, 41.0, 41.0, 41.0, 41.0, 41.0, 41.0, 41.0, 41.0, 41.0, 57.0, 57.0, 57.0, 57.0, 57.0, 57.0, 57.0, 57.0, 63.0, 63.0, 63.0, 63.0, 63.0, 63.0, 63.0, 63.0, 63.0, 63.0, 63.0, 63.0, 78.0, 78.0, 78.0, 78.0, 78.0, 61.0, 61.0, 61.0, 61.0, 61.0, 61.0, 74.0, 61.0, 61.0, 75.0, 75.0, 75.0, 75.0, 61.0, 61.0, 61.0, 61.0, 61.0, 62.0, 62.0, 62.0, 62.0, 61.0, 61.0, 61.0, 61.0, 61.0, 61.0, 61.0, 73.0, 73.0, 73.0, 73.0, 73.0, 73.0, 73.0, 61.0, 61.0, 61.0, 61.0, 61.0, 61.0, 61.0, 73.0, 73.0, 73.0, 73.0, 73.0, 61.0, 61.0, 61.0, 61.0, 61.0, 61.0, 61.0, 62.0, 62.0, 62.0, 62.0, 62.0, 73.0, 73.0, 73.0, 73.0, 73.0, 71.0]
["relationBased_12", 21.0, 21.0, 21.0, 21.0, 21.0, 21.0, 21.0, 21.0, 21.0, 21.0, 21.0, 21.0, 21.0, 21.0, 21.0, 21.0, 21.0, 21.0, 21.0, 21.0, 21.0, 21.0, 21.0, 21.0, 21.0, 21.0, 21.0, 21.0, 21.0, 21.0, 21.0, 21.0, 21.0, 21.0, 21.0, 21.0, 21.0, 21.0, 21.0, 21.0, 21.0, 21.0, 21.0, 21.0, 21.0, 37.0, 37.0, 37.0, 37.0, 37.0, 37.0, 37.0, 70.0, 70.0, 70.0, 70.0, 70.0, 70.0, 145.0, 145.0, 145.0, 145.0, 145.0, 145.0, 145.0, 145.0, 145.0, 256.0, 256.0, 256.0, 256.0, 331.0, 331.0, 331.0, 331.0, 331.0, 331.0, 331.0, 331.0, 331.0, 331.0, 12834.0, 12834.0, 12834.0, 12834.0, 12834.0, 12834.0, 12834.0, 12834.0, 12834.0, 12834.0, 12834.0, 12834.0, 102147.0, 102147.0, 102147.0, 102147.0, 102147.0, 102147.0, 102147.0, 102147.0, 102147.0, 102147.0, 102147.0, 102147.0, 102147.0, 102147.0, 102147.0, 102147.0, 102147.0, 102147.0, 45655.0, 45655.0, 45655.0, 40042.0, 40042.0, 40042.0, 40042.0]
["relationBased_12_mat", 41.0, 41.0, 41.0, 41.0, 41.0, 41.0, 41.0, 41.0, 41.0, 41.0, 41.0, 41.0, 41.0, 41.0, 41.0, 41.0, 41.0, 41.0, 41.0, 41.0, 57.0, 57.0, 57.0, 57.0, 57.0, 57.0, 57.0, 57.0, 63.0, 63.0, 63.0, 63.0, 63.0, 63.0, 63.0, 63.0, 63.0, 63.0, 63.0, 63.0, 78.0, 78.0, 78.0, 78.0, 78.0, 61.0, 61.0, 61.0, 61.0, 61.0, 61.0, 74.0, 61.0, 61.0, 75.0, 75.0, 75.0, 75.0, 61.0, 61.0, 61.0, 61.0, 61.0, 62.0, 62.0, 62.0, 62.0, 61.0, 61.0, 61.0, 61.0, 61.0, 61.0, 61.0, 73.0, 73.0, 73.0, 73.0, 73.0, 73.0, 73.0, 61.0, 61.0, 61.0, 61.0, 61.0, 61.0, 61.0, 73.0, 73.0, 73.0, 73.0, 73.0, 61.0, 61.0, 61.0, 61.0, 61.0, 61.0, 61.0, 62.0, 62.0, 62.0, 62.0, 62.0, 73.0, 73.0, 73.0, 73.0, 73.0, 71.0, 61.0, 74.0, 74.0, 61.0, 61.0, 61.0, 61.0]
["relationBased_13", 21.0, 21.0, 21.0, 21.0, 21.0, 21.0, 21.0, 21.0, 21.0, 21.0, 21.0, 21.0, 21.0, 21.0, 21.0, 21.0, 21.0, 21.0, 21.0, 21.0, 21.0, 21.0, 21.0, 21.0, 21.0, 21.0, 21.0, 21.0, 21.0, 21.0, 21.0, 21.0, 21.0, 21.0, 21.0, 21.0, 21.0, 21.0, 21.0, 21.0, 21.0, 21.0, 21.0, 21.0, 21.0, 37.0, 37.0, 37.0, 37.0, 37.0, 37.0, 37.0, 70.0, 70.0, 70.0, 70.0, 70.0, 70.0, 145.0, 145.0, 145.0, 145.0, 145.0, 145.0, 145.0, 145.0, 145.0, 256.0, 256.0, 256.0, 256.0, 331.0, 331.0, 331.0, 331.0, 331.0, 331.0, 331.0, 331.0, 331.0, 331.0, 12834.0, 12834.0, 12834.0, 12834.0, 12834.0, 12834.0, 12834.0, 12834.0, 12834.0, 12834.0, 12834.0, 12834.0, 12834.0, 102145.0, 102145.0, 102145.0, 102145.0, 102145.0, 102145.0, 102145.0, 102145.0, 102145.0, 102145.0, 102145.0, 102145.0, 102145.0, 102145.0, 102145.0, 102145.0, 102145.0, 102145.0, 102145.0, 45746.0, 45746.0, 45746.0, 45746.0, 66579.0, 66579.0, 66579.0, 66579.0, 66579.0, 66579.0, 66579.0, 66579.0, 66579.0]
["relationBased_13_mat", 41.0, 41.0, 41.0, 41.0, 41.0, 41.0, 41.0, 41.0, 41.0, 41.0, 41.0, 41.0, 41.0, 41.0, 41.0, 41.0, 41.0, 41.0, 41.0, 41.0, 57.0, 57.0, 57.0, 57.0, 57.0, 57.0, 57.0, 57.0, 63.0, 63.0, 63.0, 63.0, 63.0, 63.0, 63.0, 63.0, 63.0, 63.0, 63.0, 63.0, 78.0, 78.0, 78.0, 78.0, 78.0, 61.0, 61.0, 61.0, 61.0, 61.0, 61.0, 74.0, 61.0, 61.0, 75.0, 75.0, 75.0, 75.0, 61.0, 61.0, 61.0, 61.0, 61.0, 62.0, 62.0, 62.0, 62.0, 61.0, 61.0, 61.0, 61.0, 61.0, 61.0, 61.0, 73.0, 73.0, 73.0, 73.0, 73.0, 73.0, 73.0, 61.0, 61.0, 61.0, 61.0, 61.0, 61.0, 61.0, 74.0, 74.0, 74.0, 74.0, 74.0, 74.0, 61.0, 61.0, 61.0, 61.0, 61.0, 61.0, 61.0, 62.0, 62.0, 62.0, 62.0, 62.0, 73.0, 73.0, 73.0, 73.0, 73.0, 75.0, 75.0, 61.0, 73.0, 73.0, 73.0, 61.0, 61.0, 61.0, 61.0, 61.0, 61.0, 61.0, 61.0, 62.0]
["relationBased_14", 21.0, 21.0, 21.0, 21.0, 21.0, 21.0, 21.0, 21.0, 21.0, 21.0, 21.0, 21.0, 21.0, 21.0, 21.0, 21.0, 21.0, 21.0, 21.0, 21.0, 21.0, 21.0, 21.0, 21.0, 21.0, 21.0, 21.0, 21.0, 21.0, 21.0, 21.0, 21.0, 21.0, 21.0, 21.0, 21.0, 21.0, 21.0, 21.0, 21.0, 21.0, 21.0, 21.0, 21.0, 21.0, 37.0, 37.0, 37.0, 37.0, 37.0, 37.0, 37.0, 70.0, 70.0, 70.0, 70.0, 70.0, 70.0, 145.0, 145.0, 145.0, 145.0, 145.0, 145.0, 145.0, 145.0, 145.0, 256.0, 256.0, 256.0, 256.0, 331.0, 331.0, 331.0, 331.0, 331.0, 331.0, 331.0, 331.0, 331.0, 331.0, 12834.0, 12834.0, 12834.0, 12834.0, 12834.0, 12834.0, 12834.0, 12834.0, 12834.0, 12834.0, 12834.0, 12834.0, 12834.0, 12834.0, 108110.0, 108110.0, 108110.0, 108110.0, 108110.0, 108110.0, 108110.0, 108110.0, 108110.0, 108110.0, 108110.0, 108110.0, 108110.0, 108110.0, 108110.0, 108110.0, 108110.0, 108110.0, 108110.0, 108110.0, 108110.0, 108110.0, 49846.0, 49846.0, 49846.0, 49846.0, 49846.0, 49846.0, 82734.0, 82734.0, 82734.0, 82734.0, 82734.0, 82734.0, 82734.0, 82734.0, 82734.0, 82734.0, 82734.0, 82734.0, 82734.0, 82734.0, 82734.0]
["relationBased_14_mat", 41.0, 41.0, 41.0, 41.0, 41.0, 41.0, 41.0, 41.0, 41.0, 41.0, 41.0, 41.0, 41.0, 41.0, 41.0, 41.0, 41.0, 41.0, 41.0, 41.0, 57.0, 57.0, 57.0, 57.0, 57.0, 57.0, 57.0, 57.0, 63.0, 63.0, 63.0, 63.0, 63.0, 63.0, 63.0, 63.0, 63.0, 63.0, 63.0, 63.0, 78.0, 78.0, 78.0, 78.0, 78.0, 61.0, 61.0, 61.0, 61.0, 61.0, 61.0, 74.0, 61.0, 61.0, 75.0, 75.0, 75.0, 75.0, 61.0, 61.0, 61.0, 61.0, 61.0, 62.0, 62.0, 62.0, 62.0, 61.0, 61.0, 61.0, 61.0, 61.0, 61.0, 61.0, 73.0, 73.0, 73.0, 73.0, 73.0, 73.0, 73.0, 61.0, 61.0, 61.0, 61.0, 61.0, 61.0, 61.0, 75.0, 75.0, 75.0, 75.0, 75.0, 75.0, 75.0, 61.0, 61.0, 61.0, 61.0, 61.0, 61.0, 61.0, 61.0, 61.0, 62.0, 62.0, 62.0, 62.0, 62.0, 73.0, 73.0, 73.0, 73.0, 73.0, 76.0, 76.0, 76.0, 61.0, 61.0, 61.0, 73.0, 73.0, 73.0, 61.0, 61.0, 61.0, 60.0, 60.0, 60.0, 60.0, 60.0, 60.0, 60.0, 63.0, 63.0, 63.0, 62.0, 62.0]
["relationBased_15", 21.0, 21.0, 21.0, 21.0, 21.0, 21.0, 21.0, 21.0, 21.0, 21.0, 21.0, 21.0, 21.0, 21.0, 21.0, 21.0, 21.0, 21.0, 21.0, 21.0, 21.0, 21.0, 21.0, 21.0, 21.0, 21.0, 21.0, 21.0, 21.0, 21.0, 21.0, 21.0, 21.0, 21.0, 21.0, 21.0, 21.0, 21.0, 21.0, 21.0, 21.0, 21.0, 21.0, 21.0, 21.0, 37.0, 37.0, 37.0, 37.0, 37.0, 37.0, 37.0, 70.0, 70.0, 70.0, 70.0, 70.0, 70.0, 145.0, 145.0, 145.0, 145.0, 145.0, 145.0, 145.0, 145.0, 145.0, 256.0, 256.0, 256.0, 256.0, 331.0, 331.0, 331.0, 331.0, 331.0, 331.0, 331.0, 331.0, 331.0, 331.0, 12834.0, 12834.0, 12834.0, 12834.0, 12834.0, 12834.0, 12834.0, 12834.0, 12834.0, 12834.0, 12834.0, 12834.0, 12834.0, 12834.0, 108110.0, 108110.0, 108110.0, 108110.0, 108110.0, 108110.0, 108110.0, 108110.0, 108110.0, 108110.0, 108110.0, 108110.0, 108110.0, 108110.0, 108110.0, 108110.0, 108110.0, 108110.0, 108110.0, 108110.0, 108110.0, 108110.0, 49128.0, 49128.0, 49128.0, 49128.0, 49128.0, 49128.0, 49128.0, 84684.0, 84684.0, 84684.0, 84684.0, 84684.0, 84684.0, 84684.0, 84684.0, 84684.0, 84684.0, 84684.0, 84684.0, 84684.0, 84684.0, 84684.0, 84684.0, 168706.0, 168706.0, 168706.0, 168706.0, 168706.0, 264532.0, 264532.0]
["relationBased_15_mat", 41.0, 41.0, 41.0, 41.0, 41.0, 41.0, 41.0, 41.0, 41.0, 41.0, 41.0, 41.0, 41.0, 41.0, 41.0, 41.0, 41.0, 41.0, 41.0, 41.0, 57.0, 57.0, 57.0, 57.0, 57.0, 57.0, 57.0, 57.0, 63.0, 63.0, 63.0, 63.0, 63.0, 63.0, 63.0, 63.0, 63.0, 63.0, 63.0, 63.0, 78.0, 78.0, 78.0, 78.0, 78.0, 61.0, 61.0, 61.0, 61.0, 61.0, 61.0, 74.0, 61.0, 61.0, 75.0, 75.0, 75.0, 75.0, 61.0, 61.0, 61.0, 61.0, 61.0, 62.0, 62.0, 62.0, 62.0, 61.0, 61.0, 61.0, 61.0, 61.0, 61.0, 61.0, 73.0, 73.0, 73.0, 73.0, 73.0, 73.0, 73.0, 61.0, 61.0, 61.0, 61.0, 61.0, 61.0, 61.0, 75.0, 75.0, 75.0, 75.0, 75.0, 75.0, 75.0, 61.0, 61.0, 61.0, 61.0, 61.0, 61.0, 61.0, 61.0, 61.0, 62.0, 62.0, 62.0, 62.0, 62.0, 73.0, 73.0, 73.0, 73.0, 73.0, 76.0, 76.0, 76.0, 61.0, 61.0, 61.0, 61.0, 73.0, 73.0, 73.0, 61.0, 61.0, 61.0, 61.0, 59.0, 59.0, 59.0, 59.0, 59.0, 59.0, 59.0, 59.0, 75.0, 75.0, 75.0, 75.0, 61.0, 61.0, 61.0, 73.0, 73.0, 61.0, 61.0]
